20190130
20190320
20190501
20190619
20190731
20190918
20191030
20191211
20200129
20200315
20200429
20200610
20200729
20200916
20201105
20201216
20210127
20210317
20210428
20210616
20210728
20210922
20211103
20211215
20220126
20220316
20220504
20220615
20220727
20220921
20221102
20221214
20230201
20230322
20230503
20230614
20230726
20230920
20231101
20231213
20240131
20240320
20240501
20240612
20240731
20240918
20241107
20241218
20250129
20250319
20250507
20250618
20250730
20250917
20251029
20251210
20260128
20260318
20260429
20260617
20260729
